8367
3244
5763
8813
2495
9491
1150
7326
2147
3358
4462
6722
2183
304
2529
5431
8823
8718
4064
7396
1378
1041
982
8992
2522
117
5289
1254
2174
1922
312
385
6873
1846
8763
7578
2270
1522
8786
5151
8014
9789
4815
8522
3847
5100
4233
7629
4701
8090
7738
4103
888
5422
6707
1950
374
798
7721
1491
2111
433
2963
4611
8742
3387
3496
7411
5586
3253
5445
2089
8814
1615
6393
7828
8685
8256
8401
215
7673
6532
734
2018
5141
1721
1633
246
4149
3015
1661
7948
9778
7431
670
451
8532
1281
8525
1407
9976
5152
8393
9365
1591
2707
3004
7958
7115
805
2940
8708
6474
9643
6820
9098
6158
3176
3032
575
5167
3057
5474
7243
6236
1542
8934
632
4906
3077
4202
9072
7584
466
2871
3482
182
1031
3302
6428
722
6470
4323
7356
8119
6999
9500
1527
8222
9050
5639
1268
5275
3997
279
5240
6822
5429
2679
2670
4791
724
7654
7679
212
2561
9398
8237
4116
141
296
872
7694
9910
9797
3927
4398
9862
7414
7357
7535
2922
1492
8733
7704
7045
7965
8106
7027
4779
7890
5813
7073
1079
267
655
2320
4499
6079
7428
2292
4865
1014
9333
3319
7549
4263
1690
631
2364
6289
5809
1631
6598
486
1359
3559
3598
6861
8554
9126
6804
1870
30
3673
5451
8133
8802
7587
8517
544
5749
4687
4899
1240
1609
3850
5399
9255
2624
3054
3579
7419
8694
4207
494
474
2603
1871
6801
4102
702
9540
8973
6717
4318
2527
4834
4796
688
4362
203
3115
5295
5316
2927
3795
2317
390
412
1863
2425
7079
4777
7093
1799
6000
8874
3833
767
5926
3353
6578
5592
8394
7529
2759
8860
3862
876
262
1694
9040
5849
2680
747
7761
1335
663
4493
6024
3495
1256
183
9658
8419
9518
3723
764
9551
5511
3804
1247
5202
2454
3923
137
2396
6093
2296
6605
5857
9814
2618
5263
7814
3429
9669
5367
9310
3171
9222
405
7572
6622
3524
4194
9541
2327
8881
9888
8360
4672
1089
7159
3776
2222
6062
6705
5246
6530
995
415
6828
7011
8739
2699
3712
109
9386
7504
3699
3868
5671
5589
7978
4225
607
8868
4153
8701
8546
2820
7141
3441
8475
7631
1546
4597
5116
5389
7183
5104
870
4840
6450
3332
3665
7743
7892
3111
8771
8453
1548
6877
9262
372
8618
3710
1820
9777
6886
9408
9660
5865
5416
3437
1095
565
3303
7399
7175
8108
4632
8602
1817
4928
7448
2211
18
8436
3815
9285
6682
7323
8961
1289
9250
425
9860
6473
5385
9847
6840
1807
1436
9354
3315
9771
8004
7278
448
4037
1680
4025
2981
1356
8548
55
8038
3631
1746
5137
5918
3736
3538
6075
2985
1558
1815
2978
484
1569
4003
7003
6779
7777
4710
6212
9749
2494
618
7206
6894
8616
5336
3031
2033
8513
3130
6058
3392
9437
6334
1231
6817
3134
4026
4132
9418
9786
8023
2935
8521
5519
1601
4591
4257
6993
4118
